Position:
x: 0.39944259829412393
y: 0.11276212263856393
z: 0.1946454901026269
Orientation:
x: 0.6128660469278734
y: -0.5127475223002164
z: -0.44617749577569926
w: 0.4030022694245246
