Position:
x: 0.3633026378238918
y: 0.09911225399390448
z: 0.18885745874123194
Orientation:
x: 0.6166489257778703
y: -0.5278612215609928
z: -0.4562439197409956
w: 0.36462051342252755
